490 278
4 1858 3
4 1 3
5 6 4005 4006 2885
11 1 3
39 11 1 40 6 138 1541 1065 1544 1545 631 632 1556 4007 512 1628 77 738 667
11 27 6 56 2941 841 512 1699 1700 1629 1631 1707 1708 142 374 3368 699 4008 810 4009 135 423 662 136 1141 438 458 4010 1560 839
324 325 326 327 329 330 331 332 333 334 335 336 337 338 339 11 27 218 40 6 2941 989 138 1748 378 3469 148 667 3020 4011 448 4012 496
11 6 4013 135 77
145 4014 218 4015
3 499 886
490 2 3 4016
11 4 1 6 2007 3
11 7
4017
11 1 6 3 135 77
4018 55
6 3
11 6 83 3 534 446 1002
27 6 247 3 64 7 205 1960 3162 4019 3170 276 897 77
11 6 138 3 77 531
993 3
6 4020 55 3 4021
3003 27
291 295 1 3
1
3
799 3 2801
2 4022 2388
11 1 6 55
6
11 6 3
3 4023
3
4 27 1 6
3
11 314 6
3
55 4024 3 482
6 4025
1580 6 230 7
11 6 18 3
27 6 356 3 406 3553
11
1 6 3675
324 329 330 331 332 333 334 338 339 11 6 1592 4026 355 90 83 4027 2453 1138 2300 897 423 435 587 448 468 4028
275 4029
6
508 11 1 218 6 2363 541 882 3224 4030 4031 1666 833 4032 3379 148 440
11 6 4033 3 290 737 482
6 1804 4034 3
4 3 2450
1295 11 6 3
269 987 1 218 6 303 261 504 273 3
490
11 4 27 6 3
4035 6
269 11 6 55 4036 3 135
2024 314 6 64
11 54 4037 40 6 845
2985 27 3
87
4038 3
295 563 312
268 2326 151 11 1 6 1836 819 1537 56 89 946 3665 350 3695 1838 1644 1645 1680 357 154 845 1681 2177 579 1535 800 1536 254 229 364 25 824 230 233 367 2952 1864 234 236 826 370 2282 827 372 90 4039 2214 283 4040 222 2105 3800 696 3804 1471 697 273 4041 832 14 3489 1715 97 397 100 102 1716 4042 3808 4043 107 109 112 117 4044 118 1071 1660 852 120 125 128 130 3810 3788 131 133 64 1037 86 4045 443 446 2332 468 4046 3972 2826
1144 4047 3
11 6 3
1490 922 3056
6 4048 584 734 893 4049 4050 4051 77 290 737 1843
502 6 3695 4052 137
11 6 3262 4053
3
11 4 6 2
11 379
11 3826 1 6 303 4054 14 64 3702
6
11 27 1
4055 817 3243 4056 3212 269 11 1 6 4057 3385 4058 4059 1941 254 2179 1568 1691 2035 364 25 582 824 230 155 825 258 741 4060 3647 1651 2048 3219 3221 3222 3802 4061 3806 4062 4063 3235 4064 961 714 2410 61 4065 2059 4066 2386 2060 4067 3087 64 4068 4069 4070 3653 662 136 1725 630 2428 453 739 3129 2066 836 3131 266
6 3 7 321
1 4071 632 826 83 64 205 4072
269 11 6 531
6
4073
1 2953
3
11 1 6 512 1464 450
11 1 6 215 138 361 3 4074 4075 870 316
218 6 55 4076 90 273 3 148 667
11 218 6 25 3 7 916 316
55 138 3
1779 3
3 4077
11 2009 1 218 6 1829 3 7 423 3237 148 316 4078
3 4079
1063 6 3
11 6 294 3 4080
11 6 155 2041 4081 3
3003 585
11 6 4082 205 134
6 294 278 4083 1155
987 3 4084
643 1 4085
4 6 3 4086
11 3
6 2993
3
6 3
145 3 885 4087
11 6 91 4088 3 7 2868 321
3
11 6 4089
40 6 4090
3
490 27 6 3
3241 3
69 506 151 1162 269 6 138 3432 1144 320 4091 422 4092 885 4093 290 737 534 4094 438 458
6
324 329 330 338 339 2102 145 11 218 6 3680 1168 762 254 221 25 230 233 370 90 521 2191 378 379 2051 3452 2250 808 4095 135 423 4096 77 4097 4098 4099 4100 4101 148 4102 433 587 446 744 1485 3825
2985
3
11 4 218 6 858 2 1455 4103 1644 233 513 46 3 2977 4104
6
69 4105 4106 4107 4108 4109 4110 4111 4112 4113 4114 4115 4116 4117 4118 4119 4120 4121 4122 4123 4124 4125 4126 341 4127 4128 4129 4130 4131 4132 4133 4134 4135 4136 4137 4138 4139 4140 3558 4141 4142 4143 4144 4145 4018 4146 4147 680 4148 3320 603 6 4149 1872 1873 3542 4150 4151 4152 1874 1803 1875 4153 4154 857 4155 1876 858 1862 1593 4156 4157 4158 4159 4160 1878 1879 1880 4161 4162 3358 4163 1881 1882 4164 1883 2346 1885 4165 1886 4166 4167 859 2207 4168 3540 4169 1888 1889 4170 1890 4171 4172 4173 1891 1892 4174 1893 1894 2209 1895 1896 1836 76 1897 1898 3091 1899 860 1900 1901 4175 1769 2 1626 4176 4177 4178 4179 1903 4180 4181 4182 4183 818 3971 4184 1904 1905 4185 3714 3790 4186 1906 4187 1907 4188 1158 4189 4190 3264 4191 4192 4193 1908 4194 1909 4195 3543 821 4196 3492 1770 4197 4198 4199 4200 754 346 347 4201 1537 4202 4203 1911 3756 4204 1771 4205 1913 4206 4207 4208 1914 4209 624 3359 4210 4211 1915 66 317 4212 1916 4103 4213 944 4214 349 666 215 46 83 3 14 4215 7 4216 4217 4218 4219 4220 4221 4222 4223 4224 4225 4226 4227 4228 1023 4229 4230
269 11 490 314 6 946 861 4231 3
617 55
27 6 4232 4233 4234 4235 64 4236 4074 7 2800 205 3170 3171 276 4237 3351 402 897 2148 87
11 4 27 218 6 138 278 7 87 4238 1822 2231 77 148
324 83
11 1 6 1146 7 2868 321
6 91 3 4239
6
294
4240
4241 1871 1580 11 218 6 1592 4242 4243 303 2839 4244 215 4245 4246 4247 4248 4249 4250 1597 4251 4252 4253 4254 4255 4256 1946 1800 2343 4257 4258 4259 4260 4261 4262 4263 4264 4265 4266 4267 4268 909 4269 4270 4271 4272 4273 4274 4275 4276 4277 4278 4279 4280 4281 4282 4283 4284 4285 4286 4287 4288 4289 4290 4291 4292 4293 4294 4295 4296 4297 4298 3681 4299 4300 4301 4302 4303 4304 4305 4306 4307 4308 4309 747 1691 512 1704 3120 235 522 2403 4310 829 504 1166 4311 2298 3399 64 4312 722 1037 848 4313 670 71 77 24 3835 148 1739 2303 316 498
6 4314
6
11 4315 6
11 6 4316 379 134
69 11 640 2316 27 987 1 40 665 6 303 138 889 3603 504 307 273 3 4317 4318 4319 14 104 4320 4321 4322 560 714 963 2364 4323 4324 4325 4326 4327 4328 4329 2419 3531 2421 584 815 2093 64 4330 7 2395 1956 49 4331 205 897 421 737 662 148 438 445 3937 474 316 499
7
2120
73
11 4332
2154 11 6 64 316
11 4 27 6 3524 1069 2168 704 1149 64 278
11 6 644
27 3542 3
532 6
3
246 3966 11 6 4333 4334 2806
1
6 294
11 3182 494
11 6 3
3001 6 2 772
6
246 6
145 489 11 218 6 56 21 4335 540 747 363 364 582 2037 766 2872 257 825 2266 514 772 1030 3084 776 4336 1019 525 1518 526 527 528 1519 529 530 4337 4338 135 148 434 786 1655 4339 4340 4341 3145
446
64
11 40 659 6 4342 378 2050 4343 3 77
11
1850 6 3
273
3
11 6 4008 4344
11 6 4345 702
2247 4346
6 3 4347
4 18
11 2085 2086 658 40 659 660 1143 665 6 303 215 205 77 446
749 378 3 4348
6 3
6 7
11 1 6 4349
218 77
11 6 64
11 1056 27 1 6 1769 2 624 152 78 215 2844 25 3517 1605 1030 1845 392 83 3 4350 4351 938 4352 131 726 3193 265 981 7 205 4353 1958 1960 4354 87 4238 4355 4356 420 2353 595 135 423 77 4357 4358 1614 534 662 136 434 4359
1855 294
135
6 3
506 11 218 40 6 56 747 255 882 1608 1132 2132 90 1133 4360 1829 106 1660 723 7 4361 87 135 568 148 446
4 3826 760 294 3
251 1
1 6 2161 3
4362
11 6 438
1524 11 314 6 1769 2 719 135
6 3109 4363
11 1 6 138 631 632 91 83 4364 136 663 1101
1039 294
55
4365 6 688 4237 4366
11 6 1456 260 3
4367
6 631
4368
11 6 2143
1 590
269 5 6 666 4369 131 467
246 11 4 3 4370
3
83
1185 490 55 4371
6 3322 3
11 6
11 4 2009 6 4372
11 6 3 1101 4373
4374 73
11 6 219 303 3 3232 64 677 316
1 56 1456 138 4375
4
4376 11 27 6 4377 3 64 2331 934 7 205 4378 1051 1052 1178 1775 2387 321
11 6 1748 3 1037 4379
27 1 6 215 1523 3 2331 4380 4381 2849 3276 1956 49 2801 4382 4383 1495 4384 3282 4385 4386 4387 3283 3284 3905 1496 3906 4388 250 1499 4389 4390 3285 1500 4391 205 4392 4393 2232 4394 4395 1960 4396 4397 4398 3908 4399 4400 505 2233 1051 1052 2234 4401 4402 4403 3292 2817 4404 4405 4406 4407 2228 4408 4409 3331 2229 4410 4411 1978 211 4412 4413 4414 4415 212 87 73
55 3
4416 11 3317 1 218 6 1906 4417 2038 155 1652 491 827 135 148 434 266
11 4418 6 1455 138 3 4419
1384 2019 11 218 6 21 361 2872 148 438 452
11 2081 6 1926
11 6
11 6 3
11 6
4420
638 6 3 14
635 4421 3
2 3 73
11 251 1 6
145 11 4 27 6 971 4422 3 278 7 1155 3209
1405 6 4423
6 4424
2085 40 6
4
218 6 3 3025
294
6 4425 3
4426 3
2003 3 4427
1 3435 3
246 91
4 3318
303 3 7 1029
1 657 6 2 1743
69 1 6 138 3
3 4428
4429 2072
11 6 55
1 590 4430
490 987 3 409 73
775 4431
11 6
6 590
11 6 138 77 4097 531 290 1077 3407 633 4432
64
11 4 6 4433 3
2086 4354
3315 55 4434
1
882 504 3 4435 422
55 4436
55 3
11 987 40 6 55 138 539 83 14 265 4074 667
2022 6
4 55 232
3
6 3
6
11 1
945 11 1 6 4437
27 6 1867
2021 11 4 288 218 6 41 4438 4439 3664 4440 1168 4441 4442 1805 1754 1838 1644 3197 4443 759 1839 220 4444 3765 863 20 153 357 1462 1765 3337 845 762 21 1534 2177 903 358 1536 541 4445 2285 4446 4447 4448 4449 4450 4451 4452 4453 4454 4455 4456 4457 4458 4459 4460 4461 4462 4463 4464 4337 846 4465 1523 4466 4467 4468 4469 3 4470 4471 4472 93 2170 628 98 99 101 102 1716 104 629 559 106 1071 2057 128 2059 148 877 2067 227
323 1 3 4473 472
1 4474 4475 737
3
6 3
11 6 4476 3
11 6 3
3
6 4477
2344 446
612 3
4
6 3 4478
69 11 987 218 6 2 1770 1991 2843 215 138 632 3338 1570 71 4479 999 1000 77 4480 290 534 4481 1077 633 148
4482 146 6 1618 3
11 218 6 1805 1838 356 863 687 845 21 910 229 1824 364 25 230 2377 257 155 1857 3501 2272 3 2220 148 1142
4483
11 5 6 55 762
490 6 4484
2186 3 3413
1 3
6 3 2361
512 4485
1305 1351 1362 1373 1384 1395 1436 1437 268 2206 11 1 218 6 1836 41 3362 303 1459 153 154 147 359 1536 46 379 2214 693 694 148 871 2819
11 6 18 7 446
77
6 4486 3
11 1 6 2844 138 7 1086 1087 1088 1089 1090 1091 1092 1093 1094 1095 1096 1097 211 4487 4488 87 4489 4490 214
4491 6 55 3
4 6 303
4 6
11 6 3 4492 4493 77
584 4494
6 3
83 3 1138
11 4035 27 6 4495 3756 1538 4496 4030 1612 7 4497 205 673 885 4498 787
4 490 3589 294 3 3808 4499
6 4500
6 4501 3
27 3 310
3
6 4502
640 4503 1997 6 3 452
2985 485 1 83
269 11 4 648 6 598 294 3 64 2390 7 2885 276 4504 4505 897
4506 11 1177 987 218 6 3359 253 1805 1754 354 3197 2257 2260 2261 153 760 357 154 3337 845 762 1120 358 1536 2035 364 25 230 156 2952 3500 1863 2270 234 1464 826 1033 1131 774 371 4507 90 522 537 3348 1654 3804 2169 102 131 714 4065 726 727 7 87 135 148 630 787 871 3129 3669 4508 4509 3131 4510 2826
218 6 3359 56 303 2280 837
1388 6 222 4511 77
11 6 4512 378 106 4513 662 4514 496
294
1
269 11 6 3
4515 554 11 490 6 4516 2364 7 423 148
11 6 1738 2163 520 3322 2412 3400 64 2371 4517 4498 434 446 3065 455 3411 585 3538
2127
484 6 4518 3 64
218
11 27 218 6 253 4519 4520 354 3 7 2847 33 1775 879 4521 2864 148
11 1017 27 6 1457 2376 4522 14 4523 95 111 3788 4524 711 716 729 265 28 7 4525 2226 4526 32 49 51 85 86 4527 4528 4529 4530 4531 4532 4533 4534 1086 1090 1091 1092 1093 1094 1095 1096 1097 211 4488 4535 4536 4537 4538 4539 4540 134 87 321 137
11 2309 6 2 4541 3 7 4542
3317 4035 6 3221 3 73 2823 2824 3676 4543 4544 4545 4546 4547 4548
4 218 1593 91 4549
11 6 4550 4258 55 4551 3
607 1 6 4552 4364
4 1628
11 4553 83 3825
6
359 90 3
1 6 4554
3 4555 226
294
11 6 215 1801 3 1069 2889
246 3
4556
11 6 92 1559 103 64
218 91 4557
215 3
11 3 4558
3347 6 1631 772 281 584 1481
11 1 6 4559 4560
69 1823 11 607 218 6 56 3364 510 19 4561 1536 1941 155 259 1034 1131 516 3736 884 2821 1030 4562 1132 1019 520 90 521 537 3121 4563 12 4564 4565 3322 4566 672 3 2979 4567 601 7 531 3340 136 148 1141 434 587 916 2304 4568 494 3130 3462 316 4569
11 6 3447
294 3776 2864
6 4570 4571 494
11 490 3
6 1138 4572 316
3 130
6 1808 3 136 446
3 7
11 490 6 438 316
11 6 152
145
1184 1185 1186 1187 1188 1189 1190 1191 1192 1193 1194 1195 1196 1197 1198 1199 1200 1201 1202 11 218 6 818 215 4573 4574 4575 3745 1459 4442 4576 2258 2262 20 153 4577 1462 514 970 281 1518 1134 527 2283 1519 1135 530 2284 4461 64 211 148 4578 426 428 446 4579 4580 447 3981 4581 3982
617 1 156 982
6 3333 3 2881
1164
11 218 6 358 3 71 999 1000 77 4582 4583 940 4093 4584 290 148
218 83 3 205 446
3
4585 3488 1790
11 218 6 578 4586 686 2035 2160 3 148 492 871 470 564
1 6 4587 3262
1 247 3 446
1039 4588
1 715
765 4589
2987 4590
6 55
11 4 6
6 3
324 325 326 327 328 329 330 331 332 333 334 335 336 337 338 339 554 269 11 6 556 215 766 233 90 970 2399 4591 1611 64 4592 4593 3955 3405 2457 4594 71 2101 4595 4596 568 77 1076 4597 4598 4599 885 4600 4099 3569 531 4584 4601 3600 742 24 3379 738 4602 3198 1077 4603 2065 1032 1001 435 2018 4604 473
1 6 4605 514 882 525 1518 526 527 2283 528 1519 529 530 2284
11 6 1885 4606
1596 218 3 4607
1524 11 1 314 1182 6 3 4608
11 294
11 6 4155 1456 512 3223 1610 3230 3 4609 4610 1611 3235 1037 1566 4611 4612 678
6 50 3379
27 6 598 12 974 3
3
11 218 6 255 4613 3 7 148 4614
69 11 1 314 6 3695 556 3322 64 2220 3701 727
11 6 3 737
11 6
5 6 7 4615
1 215 471
2316 1 6 215 138 233 1863 236 3 77 737 534
11 490 2309 6 4044
11 6 3
270 1 303 889
6 148
11 6 1018 2072 650 2122 2123 2125 2126 2127 2128 2129 1035 2130 43 970 281 58 598 45 523 1133 2942 1145 588 1829 2886 12 974 4616 2993 1044 2134 2375 3 2876 706 717 3985 4617 965 644 64 1481 4618 423 531 4584 534 473
11 218 6 2029 3 148
4 6 55 4619
294 3 77
218 78 49 662 136
1
6 3
11 1 218 40 6 41 351 878 3139 4442 686 1644 2442 759 775 90 46 379 4620 4621 83 3 2331 7 321 148 837 793
11 6 4622 3
1823 11 635 1802 27 1 6 1803 2176 4623 56 3361 2025 3695 1065 1648 230 769 232 930 233 2952 237 772 2072 650 775 491 1810 1132 4507 372 520 90 521 522 3121 3628 260 4001 1025 238 240 1469 2292 241 3348 46 3804 672 3 4624 4625 3158 4626 4627 2168 4628 4629 4522 915 709 4630 14 4475 3489 628 397 102 1716 104 559 106 3613 4042 3808 3787 107 108 109 1744 4631 111 112 114 4321 115 4632 1745 4633 1854 116 1660 119 560 3809 4634 3460 4635 4636 4637 2139 127 1719 2057 130 3788 131 132 64 729 49 135 587 448 1002 458 4638 4639 4640 4641 2303 836 837 144 2251 790 2826 137 4642 3631 473
1 6 3 136
69 11 218 6 3492 56 1838 1644 539 540 2029 1536 230 2124 4643 83 3 4644 1559 4065 939 4645 148 446 585 1023 460 916 2067 1170 316
6 4646
621
4134 4138 4141 4647 603 218 6 56 215 4648 294 4649 3297 866 4097 3820 290 2142 978 464
11 1 6 1838 540 25 1693 767 2377 257 1810 522 777 3
11 6 993 77
621 1519 3
1524 378 3
11 6 3401 870 4650 1818
11 218 6 55 4651 1121 774 4652 4653 491 1810 1132 4336 1019 372 3436 148
5 6 3
506 246 4654 11 490 4655 1569 1997 2316 4656 987 1 218 6 215 353 4657 205 534 148 492 877
11 6 4658 3
2152 11 1 6 3
2163 3 3412
3
6 4271 590 294 3
11 55 3
3181 6 7
11 4 6 3716 3 312
294 3 4659
1 6 152 77
2102 4660 269 11 27 6 303 138 237 3979 1025 44 375 46 706 7 1978 4661 87 4662 88 563
6
11 54 1 6 55
145 490 3
11 6 21 90 3607 829 2285 4663 3370 3374 3460 716 4664 1479 3698 4665 1833 729 568 531 4104 446 744 4666 464 465 144 469 470 471 839 4667 2185 4668 927 4669 1818 574
4 1 55 3 4670 4671
763
151 11 2024 314 6 753 1913 56 89 3792 862 139 296 1644 355 759 220 356 1680 863 153 4577 1765 1119 845 762 3118 1120 4672 604 3333 1535 540 800 230 2377 768 512 1694 231 1600 1628 688 232 3647 1707 158 2952 369 3120 1865 3458 1709 234 235 3187 236 4673 1652 2953 4674 776 1132 372 140 520 1827 90 521 1756 522 777 141 142 4675 4676 3390 996 4677 781 4678 537 143 1989 3121 4679 238 2398 1469 689 695 1716 135 866 662 136 1101 442 449 465 3957 4680 469 1926 2826 3104
3
11 4681
3
6 696 3
218 307 3
4 6
11 880 314 6 3 4682 1973
11 1 138 106
145 11 1 6 3 4683 737 446
612 6
3317 622 6 7 446
268 2102 151 2154 11 1 218 40 6 2 1917 4684 510 3483 2941 990 4685 3692 4686 4687 253 1590 4688 3497 4689 4573 4690 4691 4692 2118 2121 1851 3139 1459 4693 4694 686 4695 354 4696 1644 3197 4697 2210 2257 2258 4500 4698 2211 2070 4345 2442 2260 4699 2262 4443 759 1839 3605 220 4700 1106 356 3606 1680 4444 1110 4701 4702 3765 4703 863 687 4704 153 760 357 154 3574 3337 845 762 3118 1120 901 21 1534 1681 3871 1646 228 4672 4705 903 4706 4707 539 4708 1535 4709 4710 4711 540 1755 1121 2029 4712 4713 1982 359 4714 1536 360 541 1983 4715 4716 4717 542 4718 4719 3457 544 254 1682 1684 1122 4720 2031 2155 1125 1687 221 1514 1126 2871 747 2179 4721 1568 4722 2263 1691 4723 581 4724 2035 3449 4725 763 4726 2264 4727 256 1806 229 1824 1692 1693 582 583 2265 765 2872 2039 1857 1650 258 741 512 2267 2043 259 4728 931 3140 1026 513 4729 3500 4730 1463 1606 4731 237 826 4673 1033 2271 1130 3501 4732 370 1750 1652 4733 2953 1607 1131 4734 4735 2971 1808 4736 515 4737 4738 1608 516 883 2438 884 2277 2278 4739 771 772 2954 4740 4741 773 2072 650 4562 2122 2123 3388 2974 2124 2125 2126 2127 4742 2281 2128 2129 1035 2282 4743 2975 2130 4674 371 4653 1809 491 776 2874 3979 827 1132 4744 1019 3436 2132 140 520 1827 90 4745 4746 522 777 1828 142 4747 4748 4749 2959 4676 3473 779 4750 4751 780 1858 4752 537 1989 3121 4753 2190 997 2157 4754 969 2158 4755 3628 4001 1025 828 1990 4756 971 3607 598 45 524 973 4757 4758 588 4759 2886 4760 12 974 4761 4762 4565 2133 2134 2136 306 2159 4763 261 4764 4765 504 4766 46 379 4767 4768 4769 1520 3322 672 100 4770 715 1036 3124 4771 62 2979 4772 4325 4773 4774 4775 2879 815 4776 4777 3402 1481 719 4068 4778 4779 1482 88 531 3379 424 662 136 148 292 4780 434 1835 4781 4782 465 470 2067 4783 266 2826
2309 1 608 3
4784 11 4 6 303 273 3 4785
1
4 3 446
6 3
55
11 6 772 3 1504
69 506 11 4 1581 27 987 6 1888 2 1906 4786 555 303 1541 1065 1544 1545 4787 4788 889 631 632 1556 537 504 3322 273 3 4789 3955 4790 934 28 7 32 2443 4791 37 4792 4793 2885 276 4794 897 1976 1977 1978 211 4795 3151 87 423 4796
6 91 4797
27
11 6 356 512 695 4798 64 2388 4799 2389 135 136 967 1101
27 6 306 980 64 4800 2424 4801 3819 4802 670 7 2387 321 312 793
6
11 6 584 893
6 294 3
11 2009 6 4803 55
1 6
1 4804 148
4805 1164 6 4806 884 2276 601 470
6 21 3
1 218 6 89 138 363 229 364 259 4807 4808 7 85 1014
11 27 6 2 55 3 7 2808
11 1 6 56 2952 4809 1471 3322 3 1714 77 633 3493 1752 316
4810
6 3
4 490 617 6 215
6
11 4 6 303 3 113 916 871 872 677 4811 4812 4813
27 6 152 4814 4815 4816 4817 2838 4818 2841 4819 4820 138 306 4821
4 3
69 11 6 2 756 354 154 3871 1646 2177 491 4822 866 737 667 494 870 3103
4
11 1 218 6 361 1124 255 1806 25 827 4755 4001 281 1025 91 4823 148 3057
4824 3 4825
11 6 588 2886 12 974 4826 73
11 6 3
11 6 670
6 3 4827
11 4 1 4828
293 1
4829 4830
603 6
4831 4832 4833 4834 4835 4836 4837 4838 4839 4840 4841 1184 1185 1186 1187 1188 1189 1190 1191 1192 1193 1198 1199 1200 1201 1202 1204 1205 1206 1207 1208 1209 1210 1211 1212 1213 1214 1215 1216 1217 1218 1219 1220 1221 1222 1223 1224 1225 1226 1227 1228 1229 1230 1231 1232 1233 1234 1235 1236 1237 1238 1239 1240 1241 1242 1243 1244 1245 1246 1247 1248 1249 1250 1251 1252 1253 1254 1255 1256 4842 1257 4843 4844 4845 4846 4847 4848 4849 4850 1258 1259 1260 1261 1262 1263 1264 1265 1266 1271 1282 1293 1304 1316 1327 1335 1336 1337 1338 1339 1340 1341 1342 1343 1055 1344 1345 1346 1347 1348 1349 1350 1351 1352 1353 1354 1355 1356 1357 1358 1359 1360 1361 1362 1363 1364 1365 1366 1367 1368 1369 1370 1371 1372 1373 1374 1375 1376 1377 1378 1379 1380 1381 1382 1383 1384 1385 1386 1387 1388 1389 1390 1391 1392 1393 1394 1395 1396 1397 1398 1399 1400 1401 1402 1403 1404 1405 1406 1407 1408 1409 1410 1411 1412 1413 1414 1415 1416 1417 1418 1419 1420 1421 1422 1423 1424 1425 1426 1427 1428 1429 322 1430 1431 1432 1433 1434 1435 1438 1533 1439 1440 1441 1442 1443 1444 1445 1446 1447 1448 1449 1450 2110 2111 11 218 6 253 579 514 525 1518 528 1519 3229 4851 1743 133 1103 3569 4852 148 4853
11 6 83
11 3
6 4854 4855
4856 4857 587
1056
6 3 4858
11 72 6
294 4859
4 502
11 648 6 3 838
269 509 1578
11 488 657 658 40 3975 659 660 661 665 6 1808 260 504 378 7 4860 4861 135 77 3145
3
11 6 91 77
3
1 6 4862 4863 2838 4818 4864 55 77 446
11 6
6
151 11 6 356 512 83 3 934 7 85 86
697 3 4865
19 3 574
6
11 27 1 218 6 2 55 90 260 2050 28 7 32 4866 4867 4868 4869 49 3638 531 148 2018 1566
11 3
256 4870
4871 1 18 3
6 2824 3676 675 4545 4548 4872 492 4873 4874 4875 4876 4877 482 2303 4878 2144 4879 1183 573 2196 4880 4881 4882 2145 4883 4884 4885 4886 4887 2304 4888 4889 494 3536 3255 3537 4890 4891 3988 4892 1740 4893 4894 4895 2335 3093 3130 3852 4896 3319 2305 1007 4897 4898 4899 3669 4900 4901 4508 4902 4903 4904 4905 1038 2441 4906 2318 4907 873 4908 4909 3415 4910 4911 4912 4913 4914 1008 4915 4916 4917 1009 677 4918 4919 4920 3131 4921 4922 4923 4924 3417 4925 4859 4926 3961 1816 1486 4927 4928 4929 4796 226 4930 4931 4932 4933 4934 4935 4936 3104 792 1010 4667 4937 4938 4939 1012 316 678 4373 2197 4940 4078 1817 4827 1042 4941 496 4942 574 4943 1014 498
3
1 3
1 218 6 41 46 379 7 4944 1101
1
2253
11 6 152 83 7 1052 897 87 88 290
4945 3
506 27 1 218 1644 582 4946 767 2377 3645 3 7 2857 3020 4947 870 3660
535 3
4948
6 4949 3 4950 64
1404 11 6 2
246 11 616 6 555 774 776 3979 90 521 2403 1858 1025 2283 672 1141 4951
3243 11 6 4952 49 316
1 6
3
4 1
294 3
4953
11 1 6 588 3 2944 4954 1151 729 670
4955 987 218 3362 303 254 362 1709 90 3219 934 148 2196 2968 678
11 6 4956
1 6 281 3
6 21 448
4 6 3
1 6 3 4957
218 6 90 4958
11 6 1848 832
11 1 6 378 3 534 2303
4 293 621 27 6
3 563
506 3156 3245 2939 269 11 640 4959 1 218 40 314 6 344 1455 1741 56 1658 1168 1738 989 990 556 296 3693 4960 4561 4961 992 2012 4962 38 138 3515 1805 1981 361 363 229 364 3517 230 2038 257 155 741 688 2043 2044 930 931 368 237 514 515 518 827 140 520 90 522 777 142 4749 2959 996 3951 997 782 260 3485 281 44 58 3784 972 598 45 523 1133 4963 2942 4964 1145 4758 588 3437 974 1830 1531 2993 864 4565 3392 3348 2133 3395 376 3719 306 261 3603 263 525 1134 528 1135 504 3322 672 47 4965 4663 4966 113 852 2938 2979 730 3955 71 77 4967 4599 2357 4104 3835 136 148 455 1484 4968 4614 1561 4969 470 4970 839 1656 1752 473 1011 4971 1818
11 3356 5 294 4972
11 4 6 4973 3
40 6
11 3317 6
11 1 218 6 3 7
3604 1059 1 6 2 56 152 512 235 1132 90 2133 628 1141 434 438
4974 1 993
3589 6 55 951 4975
6 4976 3060
146 4977 3 4978
11 928 1997 27 6 548 215 355 376 2010 3370 7 2396 438 2146 474 1012
338 2939 612 6 555 1644 901 1646 4979 229 25 4980 90 142 829 45 523 1133 1145 588 3437 974 3 3553 3820 531 4981 3959 4982
3 4983
11 6 294 3
11 6 148
1 3
4984 4985
4986 4987 151 508 269 11 1 218 6 41 2026 351 3692 9 4988 3197 154 762 540 800 358 747 363 229 364 512 156 232 2952 1863 235 826 1131 2954 2282 775 491 3473 260 1025 4756 46 4989 694 784 148 266 2826
258
11 1 6 1800 3
11 490 1056 6 744
4990 4991
3 4992
1
11 6
4 3 3738
6 3 3262 4993
294 3
4597
4994 4995 4996 4997 4998 4999 5000 5001 5002 5003 853 5004 854 5005 5006 5007 5008 5009 5010 855 856 11 160 6 56 2103 3664 3680 4059 350 1541 1065 1544 1545 631 632 220 1646 3333 800 747 2035 229 1824 3119 233 368 3458 2270 294 3194 1716 4065 4215 135 5011 424 4578 3974 428 429 1725 430 630 432 978 2990 5012 2143 446 447 448 450 4781 585 869 1023 1735 2889 460 461 467 916 3960 3961
11 6 3 2956
11 1 40 6 1626 56 1675 1676 1677 824 259 1517 882 1030 5013 381 696 672 3 5014 5015 701 5016 1714 5017 5018 5019 2175 4090 832 1832 3235 3808 4043 112 3809 125 5020 5021 5022 5023 652 5024 5025 5026 2414 5027 584 644 64 5028 1037 2389 552
6 55 141 778 5029 4678 455
491
11 82 1 2085 40 5030 1143 6 136
862
5031 276
6 5032 7
6 993
3620 2402 5033 3
484 55 3
3 2058
4301
5034 6 55
11 1 3
11 1 6 993 598 1829 12 974 980 422 2333
11 4 2024 6 5035
6
11 6 1838 1644
11
11 4 1 6 2 492
1959
4000 55 3
2324
6
4 3315 5036
1039 6 3 4314
69 2021 3241 2327 507 5037 2939 11 27 987 1 218 2024 314 6 1874 857 4155 1876 858 1877 1592 1593 1836 860 1900 4175 5038 4000 5039 1769 3791 5040 1455 4204 5041 3359 66 1916 4103 944 4684 5042 3364 5043 5044 3693 19 4960 4561 303 215 138 2163 5045 1144 2211 901 21 902 1981 361 1686 1126 514 1808 883 2821 773 1035 372 777 142 45 523 5046 1024 5047 1145 588 5048 5049 2886 12 974 5050 1830 5051 5052 3603 5053 5054 5055 1921 5056 46 5057 4965 4663 3595 3370 83 5058 5059 7 591 50 51 2232 890 86 2858 1579 1775 1140 2867 4238 420 321 423 885 531 5060 3237 148 1725 435 438 5061 2304 5062 5063 837 838 144 1560 470 5064 471 3937 4970 839 3383 1926 2984 473 1011 793 927 3195 496 499 886
1039 294 3
6 3
1777 5065 2457 5066
11 4 1490 6 1728 467
1199 635 27 1 6 1132 90 1756 2403 1858 2190 260 281 1025 829 1469 2292 3259 3405 7 134 422 1141 464 5067 4872 492 2145 5068 494
11 1 17 6 1844 590 1846 316
11 1 218 6 78 3979 281 2886 3 148
11 6 247 230 537 5069 3 5070 14 5071 893 1734 3081 467
6 3483 3
5072 3 3255
4716
11 6
1 4674 3